177030005600   904     2.5     206   904         29.409337        -92.888029
177030005600  1072    4.25     222  1071         29.409315        -92.888046
177030005600  1162       5     222  1161           29.4093        -92.888061
177030005600  1254     5.5     220  1253         29.409282        -92.888078
177030005600  1346     6.5     220  1344         29.409262        -92.888098
177030005600  1437       7     220  1435         29.409239        -92.888119
177030005600  1527     7.5     219  1524         29.409214        -92.888141
177030005600  1716       9     221  1711         29.409157        -92.888195
177030005600  1792   10.25     223  1786          29.40913        -92.888221
177030005600  1859    11.5     217  1852         29.409103        -92.888246
177030005600  1929      12     217  1920         29.409072        -92.888273
177030005600  1965      15     205  1955         29.409052        -92.888286
177030005600  2130   16.75     205  2114         29.408939        -92.888344
177030005600  2312      17     207  2288         29.408807        -92.888415
177030005600  2583      16     207  2548         29.408617        -92.888521
177030005600  2675      16     208  2636         29.408555        -92.888557
177030005600  2856      15     210  2811         29.408438        -92.888629
177030005600  2948   16.25     208  2899         29.408378        -92.888666
177030005600  3130   17.75     209  3073         29.408248        -92.888744
177030005600  3340      20     212  3272         29.408086         -92.88885
177030005600  3432      20     213  3359         29.408013        -92.888902
177030005600  3531      19     212  3452         29.407935        -92.888956
177030005600  3621   17.75     212  3537         29.407869        -92.889002
177030005600  3712      17     213  3624         29.407805        -92.889047
177030005600  3804   16.25     214  3712         29.407744        -92.889092
177030005600  3881      18     216  3786         29.407693        -92.889132
177030005600  3983      18     215  3883         29.407621        -92.889188
177030005600  4072   17.75     216  3968          29.40756        -92.889237
177030005600  4162      18     214  4053         29.407497        -92.889286
177030005600  4310   17.75     216  4194         29.407394        -92.889366
177030005600  4381    17.5     204  4262         29.407342        -92.889399
177030005600  4496      15     203  4372         29.407261        -92.889438
177030005600  4582      14     203  4455         29.407206        -92.889464
177030005600  4693    13.5     203  4563         29.407139        -92.889495
177030005600  4874   16.75     203  4738         29.407019        -92.889551
177030005600  4997   17.75     204  4855         29.406926        -92.889595
177030005600  5116      20     203  4968         29.406828        -92.889642
177030005600  5265    18.5     204  5109         29.406704        -92.889702
177030005600  5417   16.25     201  5254         29.406588        -92.889755
177030005600  5567   14.25     198  5398         29.406485        -92.889794
177030005600  5638   14.75     208  5467          29.40644        -92.889816
177030005600  5779      14     205  5604         29.406354        -92.889863
177030005600  5895      13     206  5717         29.406286        -92.889899
177030005600  6053      12     206  5871         29.406201        -92.889945
177030005600  6326      13     206  6137         29.406054        -92.890024
177030005600  6415      13     207  6224         29.406004        -92.890051
177030005600  6538   13.75     207  6344         29.405934         -92.89009
177030005600  6629   13.75     207  6432         29.405881        -92.890121
177030005600  6780    14.5     208  6579          29.40579        -92.890173
177030005600  6933    14.5     208  6727         29.405697        -92.890228
177030005600  7072      14     210  6861         29.405614        -92.890278
177030005600  7160      14     211  6947         29.405563        -92.890312
177030005600  7265      15     210  7048           29.4055        -92.890352
177030005600  7471      16     212  7247         29.405369         -92.89044
177030005600  7740   16.25     216  7505         29.405197        -92.890568
177030005600  7845      16     217  7606         29.405132        -92.890622
177030005600  7983      17     217  7739         29.405045        -92.890694
177030005600  8130   15.75     215  7880         29.404952        -92.890769
177030005600  8262      15     214  8007         29.404872         -92.89083
177030005600  8539      14     213  8275         29.404712        -92.890948
177030005600  8701    13.5     216  8432         29.404624        -92.891015
177030005600  8826    15.5     214  8553         29.404553         -92.89107
177030005600  8973    15.5     213  8695         29.404462        -92.891137
177030005600  9087   14.75     212  8805         29.404392        -92.891186
177030005600  9275   14.75     214  8987         29.404281        -92.891266
177030005600  9377      14     213  9086         29.404222        -92.891309
177030005600  9458      14     212  9164         29.404176        -92.891342
177030005600  9566   14.25     213  9269         29.404115        -92.891385
177030005600  9720      17     215  9417          29.40402        -92.891457
177030005600  9835    17.5     214  9527         29.403942        -92.891516
177030005600  9956   16.25     214  9643         29.403861        -92.891577
177030005600 10061   14.75     215  9744         29.403797        -92.891626
177030005600 10127      14     215  9808         29.403759        -92.891655
177030005600 10240      14     214  9918         29.403697        -92.891702
177030005600 10417   14.25     218 10089           29.4036         -92.89178
177030005600 10580   14.75     223 10247         29.403514        -92.891862
177030005600 10667      15     224 10331         29.403468         -92.89191
177030005600 11057   15.75     228 10707         29.403268         -92.89214
177030005600 11368      14     224 11008         29.403114        -92.892319
177030005600 11625   15.25     225 11257         29.402985         -92.89246
177030005600 11728   14.75     222 11356         29.402932        -92.892516
177030005600 12020   14.75     221 11638         29.402777        -92.892669
177030005600 12296      16     223 11905         29.402625         -92.89282
177030005600 12700    13.5     222 12295         29.402414        -92.893035
177030005600 13400   13.25     202 12977          29.40204        -92.893296