"FID_","NAME","STATE_NAME","STATE_FIPS","CNTY_FIPS","FIPS","POP2000","POP00_SQMI","POP2010","POP10_SQMI","WHITE","BLACK","AMERI_ES","ASIAN","HAWN_PI","OTHER","MULT_RACE","HISPANIC","MALES","FEMALES","AGE_UNDER5","AGE_5_17","AGE_18_21","AGE_22_29","AGE_30_39","AGE_40_49","AGE_50_64","AGE_65_UP","MED_AGE","MED_AGE_M","MED_AGE_F","HOUSEHOLDS","AVE_HH_SZ","HSEHLD_1_M","HSEHLD_1_F","MARHH_CHD","MARHH_NO_C","MHH_CHILD","FHH_CHILD","FAMILIES","AVE_FAM_SZ","HSE_UNITS","VACANT","OWNER_OCC","RENTER_OCC","NO_FARMS07","AVG_SIZE07","CROP_ACR07","AVG_SALE07","SQMI","OID_1"
,"Ashe","North Carolina","37","009","37009",24384,57.100000,26861,62.900000,23691,162,79,57,2,257,136,590,12031,12353,1295,3532,1051,2198,3347,3694,4890,4377,42.100000,40.100000,44.000000,10411,2.310000,1077,1608,2116,4068,181,429,7422,2.750000,13268,2857,8428,1983,1125.000000,96.000000,38039.000000,37.070000,426.800000,1819
,"Alleghany","North Carolina","37","005","37005",10677,45.300000,11244,47.700000,10217,131,28,21,1,187,92,530,5259,5418,555,1518,470,968,1361,1567,2185,2053,43.000000,40.700000,45.200000,4593,2.280000,481,797,900,1776,67,171,3169,2.750000,6412,1819,3624,969,519.000000,148.000000,29178.000000,65.500000,235.500000,1821
,"Surry","North Carolina","37","171","37171",71219,132.400000,73271,136.200000,64383,2965,165,403,27,2459,817,4620,34828,36391,4508,12272,3128,7277,10626,10198,12237,10973,38.000000,36.200000,39.800000,28408,2.460000,2732,4359,6782,9803,533,1441,20484,2.920000,31033,2625,21685,6723,1258.000000,91.000000,53549.000000,96.780000,537.800000,1822
,"Currituck","North Carolina","37","053","37053",18190,41.000000,24830,55.900000,16445,1318,83,71,6,91,176,261,9032,9158,1101,3506,693,1511,2881,3076,3236,2186,38.300000,38.000000,38.500000,6902,2.610000,658,684,1777,2478,172,367,5203,2.980000,10687,3785,5630,1272,80.000000,345.000000,25117.000000,153.040000,443.800000,1825
,"Northampton","North Carolina","37","131","37131",22086,40.100000,21041,38.200000,8633,13125,71,20,12,86,139,161,10583,11503,1260,4108,881,1881,2907,3296,3913,3840,40.000000,38.000000,42.000000,8691,2.440000,1036,1434,1411,2542,182,816,5952,2.990000,10455,1764,6692,1999,340.000000,458.000000,106222.000000,287.710000,550.600000,1826
,"Hertford","North Carolina","37","091","37091",22601,62.700000,23672,65.700000,8464,13459,269,71,5,147,186,354,10384,12217,1236,4487,1112,1847,2903,3636,3813,3567,39.200000,37.500000,40.400000,8953,2.480000,925,1483,1559,2544,177,948,6237,2.990000,9724,771,6267,2686,163.000000,482.000000,52519.000000,515.490000,360.500000,1827
,"Camden","North Carolina","37","029","37029",6885,22.500000,10301,33.700000,5551,1189,29,39,2,9,66,49,3414,3471,387,1298,294,521,1067,1127,1258,933,39.100000,38.500000,39.700000,2662,2.580000,264,286,679,977,56,106,2024,2.970000,2973,311,2219,443,76.000000,726.000000,47647.000000,371.480000,305.700000,1828
,"Gates","North Carolina","37","073","37073",10516,30.400000,12160,35.200000,6213,4120,44,26,3,11,99,81,5155,5361,605,2198,388,814,1649,1586,1762,1514,38.100000,37.100000,38.800000,3901,2.660000,360,486,981,1252,86,268,2933,3.090000,4389,488,3202,699,181.000000,419.000000,49821.000000,264.520000,345.600000,1829
,"Warren","North Carolina","37","185","37185",19972,45.000000,19843,44.700000,7769,10882,957,26,5,157,176,317,9813,10159,1072,3629,927,1800,2642,2897,3537,3468,39.700000,37.600000,42.000000,7708,2.480000,889,1134,1357,2437,138,679,5448,2.970000,10548,2840,5967,1741,294.000000,247.000000,27909.000000,77.830000,443.800000,1830
,"Stokes","North Carolina","37","169","37169",44711,98.100000,46807,102.700000,41774,2084,109,86,23,393,242,836,21906,22805,2945,8005,1811,4486,7274,7136,7776,5278,37.200000,36.200000,38.300000,17579,2.510000,1664,2346,4606,6046,357,974,13035,2.940000,19262,1683,14431,3148,963.000000,95.000000,35195.000000,22.330000,455.900000,1831
,"Caswell","North Carolina","37","033","37033",23501,54.900000,23493,54.800000,14352,8583,45,36,6,276,203,415,11896,11605,1340,4112,1016,2351,3612,3773,4237,3060,38.200000,36.900000,39.800000,8670,2.560000,886,1124,1931,2855,153,606,6401,3.010000,9601,931,6878,1792,562.000000,182.000000,37941.000000,36.840000,428.400000,1832
,"Rockingham","North Carolina","37","157","37157",91928,160.600000,92558,161.700000,71087,17987,250,254,33,1550,767,2825,44369,47559,5662,15813,3858,9177,13617,14356,15829,13616,38.500000,37.000000,40.000000,36989,2.450000,3935,5589,7906,11924,769,2454,26194,2.930000,40208,3219,27259,9730,863.000000,136.000000,44224.000000,36.930000,572.400000,1833
,"Granville","North Carolina","37","077","37077",48498,90.400000,59205,110.300000,29459,16943,222,176,9,1177,512,1951,25484,23014,2997,8591,2497,5184,8360,7772,7552,5545,36.200000,34.700000,37.700000,16654,2.580000,1733,2242,3891,4949,326,1325,12048,3.050000,17896,1242,12487,4167,673.000000,191.000000,39775.000000,29.340000,536.600000,1834
,"Person","North Carolina","37","145","37145",35623,88.200000,38155,94.400000,24504,10049,218,53,5,487,307,746,17188,18435,2246,6304,1482,3562,5393,5770,5976,4890,38.000000,36.600000,39.400000,14085,2.500000,1416,1987,3099,4481,276,1061,10115,2.950000,15504,1419,10505,3580,403.000000,244.000000,52116.000000,47.860000,404.100000,1835
,"Vance","North Carolina","37","181","37181",42954,159.200000,43297,160.500000,20709,20749,85,167,13,871,360,1957,20306,22648,3021,8603,2250,4621,6110,6293,6641,5415,35.000000,32.700000,36.800000,16199,2.600000,1546,2373,3170,4443,358,1900,11643,3.060000,18196,1997,10734,5465,246.000000,224.000000,20134.000000,-99.000000,269.800000,1836
,"Halifax","North Carolina","37","083","37083",57370,78.400000,55202,75.400000,24424,30151,1801,312,10,267,405,579,27284,30086,3573,11432,2724,5331,8097,8396,9246,8571,37.200000,35.100000,39.100000,22122,2.510000,2479,3659,3959,5807,432,2513,15302,3.060000,25309,3187,14821,7301,365.000000,541.000000,123867.000000,250.790000,731.800000,1840
,"Pasquotank","North Carolina","37","139","37139",34897,120.600000,42443,146.700000,19866,13975,130,300,13,172,441,429,16890,18007,2178,6505,2521,3531,5004,5067,5180,4911,35.900000,34.100000,37.600000,12907,2.520000,1228,2044,2734,3769,248,1333,9094,3.010000,14289,1382,8478,4429,144.000000,594.000000,79958.000000,332.300000,289.400000,1842
,"Wilkes","North Carolina","37","193","37193",65632,86.400000,67430,88.700000,61008,2733,95,213,25,1124,434,2262,32371,33261,4084,10732,2979,6794,9835,10079,11883,9246,38.500000,37.200000,39.700000,26650,2.430000,2776,3748,6184,9562,551,1320,19311,2.870000,29261,2611,20772,5878,1095.000000,100.000000,37263.000000,356.010000,759.900000,1868
,"Watauga","North Carolina","37","189","37189",42695,136.500000,46678,149.300000,41181,680,108,251,16,194,265,622,21273,21422,1670,5286,8445,6005,4675,5549,6382,4683,29.900000,28.600000,31.400000,16540,2.260000,2122,2609,2989,4856,212,631,9410,2.800000,23155,6615,10406,6134,587.000000,78.000000,11735.000000,19.640000,312.700000,1874
,"Perquimans","North Carolina","37","143","37143",11368,34.600000,13145,40.000000,8051,3182,20,24,3,15,73,68,5426,5942,587,2023,474,792,1424,1615,2261,2192,42.200000,40.900000,43.400000,4645,2.420000,448,673,920,1704,85,307,3378,2.860000,6043,1398,3649,996,171.000000,400.000000,63558.000000,351.840000,329.000000,1875
,"Chowan","North Carolina","37","041","37041",14526,62.300000,14807,63.500000,8794,5450,43,50,1,87,101,219,6805,7721,850,2626,941,1180,1709,2139,2475,2606,39.800000,38.100000,41.100000,5580,2.480000,534,875,1088,1867,79,525,4007,2.940000,6443,863,4031,1549,190.000000,393.000000,53325.000000,216.240000,233.300000,1881
,"Avery","North Carolina","37","011","37011",17167,69.400000,18082,73.100000,16129,598,58,33,7,220,122,413,9063,8104,825,2511,1023,2014,2627,2438,3031,2698,38.400000,36.200000,41.300000,6532,2.340000,712,1028,1378,2354,107,287,4546,2.820000,11911,5379,5265,1267,477.000000,58.000000,12630.000000,43.020000,247.200000,1886
,"Yadkin","North Carolina","37","197","37197",36348,107.700000,38405,113.800000,33638,1246,59,62,7,1057,279,2357,17843,18505,2411,6297,1545,3588,5727,5324,6312,5144,37.600000,36.400000,38.800000,14505,2.470000,1393,2088,3644,5066,305,705,10593,2.920000,15821,1316,11643,2862,990.000000,106.000000,59676.000000,98.780000,337.500000,1887
,"Franklin","North Carolina","37","069","37069",47260,95.600000,60792,122.900000,31190,14193,208,140,17,1082,430,2100,23314,23946,3295,8663,2414,4809,8131,7439,7315,5194,35.800000,34.800000,36.800000,17843,2.580000,1909,2285,4341,5381,400,1231,12875,3.030000,20364,2521,13877,3966,593.000000,190.000000,49161.000000,81.060000,494.600000,1891
,"Forsyth","North Carolina","37","067","37067",306067,741.300000,353339,855.700000,209552,78388,923,3172,96,9962,3974,19577,146217,159850,20494,52728,17202,34577,48314,46875,47328,38549,36.000000,34.500000,37.400000,123851,2.390000,14360,21461,25458,35111,2155,10107,81693,2.940000,133093,9242,81233,42618,680.000000,64.000000,24290.000000,25.140000,412.900000,1894
,"Guilford","North Carolina","37","081","37081",421048,640.200000,485583,738.300000,271686,123253,1944,10294,130,7615,6126,15985,201729,219319,27646,72193,27707,50588,67171,63160,63107,49476,34.900000,33.700000,36.000000,168667,2.410000,19404,27700,34926,45984,2871,13479,109819,2.960000,180391,11724,105691,62976,963.000000,100.000000,45979.000000,50.270000,657.700000,1897
,"Alamance","North Carolina","37","001","37001",130800,300.700000,150355,345.600000,98900,24544,462,1172,28,4177,1517,8835,62843,67957,8413,22741,7953,14023,20032,19051,20123,18464,36.300000,35.000000,37.500000,51584,2.460000,5428,7972,11186,15665,1055,3784,35526,2.950000,55463,3879,36180,15404,753.000000,117.000000,35935.000000,56.600000,435.000000,1898
,"Bertie","North Carolina","37","015","37015",19773,26.700000,20019,27.000000,7178,12326,87,21,1,65,95,195,9233,10540,1262,3901,914,1684,2550,3054,3248,3160,38.600000,36.900000,40.100000,7743,2.530000,830,1258,1385,2178,135,783,5424,3.070000,9050,1307,5797,1946,279.000000,528.000000,92745.000000,579.070000,740.800000,1899
,"Orange","North Carolina","37","135","37135",118227,294.800000,131514,327.900000,92272,16298,457,4845,20,2312,2023,5273,56038,62189,5854,18130,17172,17262,16737,17825,15316,9931,30.400000,30.200000,30.500000,45863,2.360000,5489,7376,9680,10766,641,2674,26126,2.950000,49289,3426,26415,19448,604.000000,99.000000,26021.000000,46.500000,401.100000,1901
,"Durham","North Carolina","37","063","37063",223314,749.600000,270938,909.500000,113698,88109,660,7350,79,9404,4014,17039,107630,115684,15492,35717,16371,34574,38456,32219,28911,21574,32.200000,30.900000,33.600000,89015,2.400000,10869,15856,16441,20969,1408,8052,54045,2.990000,95452,6437,48300,40715,242.000000,108.000000,8433.000000,-99.000000,297.900000,1902
,"Nash","North Carolina","37","127","37127",87420,161.100000,95531,176.000000,54152,29664,397,495,20,1804,888,2939,42061,45359,5773,16431,4322,8969,13424,13705,13914,10882,36.500000,34.900000,37.800000,33644,2.540000,3423,4983,7679,10054,617,2718,23931,3.020000,37051,3407,22792,10852,487.000000,315.000000,94692.000000,296.720000,542.800000,1907
,"Mitchell","North Carolina","37","121","37121",15687,70.600000,16015,72.100000,15353,34,70,32,0,104,94,311,7666,8021,794,2527,571,1334,2158,2317,3069,2917,42.000000,40.200000,43.800000,6551,2.370000,662,987,1423,2567,106,263,4737,2.820000,7919,1368,5294,1257,314.000000,73.000000,6626.000000,11.360000,222.200000,1921
,"Edgecombe","North Carolina","37","065","37065",55606,109.800000,52057,102.800000,22278,31949,109,70,7,870,323,1554,25846,29760,3754,11313,2836,5329,7887,8803,8721,6963,36.200000,33.900000,37.800000,20392,2.670000,1928,2973,3894,5529,431,2369,14812,3.160000,24002,3610,13063,7329,300.000000,466.000000,103474.000000,487.780000,506.500000,1922
,"Caldwell","North Carolina","37","027","37027",77415,163.200000,81180,171.200000,71017,4223,162,301,26,1098,588,1927,38235,39180,4968,13181,3372,8046,12177,11686,13726,10259,37.500000,36.400000,38.700000,30768,2.480000,3149,3951,6963,10659,740,1860,22399,2.890000,33430,2662,23053,7715,459.000000,71.000000,11374.000000,45.210000,474.300000,1926
,"Yancey","North Carolina","37","199","37199",17774,56.800000,18941,60.500000,17417,101,60,23,0,73,100,478,8694,9080,977,2799,712,1567,2347,2696,3439,3237,41.900000,40.200000,43.600000,7472,2.360000,771,1130,1664,2908,102,275,5373,2.810000,9729,2257,5996,1476,447.000000,75.000000,9987.000000,11.570000,313.100000,1930
,"Martin","North Carolina","37","117","37117",25593,55.500000,23823,51.600000,13447,11611,74,61,8,231,161,528,11868,13725,1596,4937,1134,2211,3415,3954,4452,3894,38.700000,36.900000,40.200000,10020,2.530000,948,1626,2045,2993,174,950,7198,3.020000,10930,910,7198,2822,320.000000,330.000000,74052.000000,172.420000,461.400000,1931
,"Wake","North Carolina","37","183","37183",627846,732.400000,927140,1081.600000,454544,123820,2152,21249,212,15548,10321,33985,311436,316410,45142,112455,37014,85898,117950,101499,81516,46372,32.900000,31.900000,33.800000,242040,2.510000,27786,34377,63825,63289,3677,14880,158765,3.060000,258953,16913,159446,82594,827.000000,103.000000,45922.000000,51.100000,857.200000,1932
,"Madison","North Carolina","37","115","37115",19635,43.500000,20995,46.500000,19169,162,53,45,2,88,116,266,9684,9951,1152,3020,1346,1826,2656,2914,3592,3129,39.300000,37.900000,40.900000,8000,2.340000,906,1199,1732,2869,149,393,5595,2.810000,9722,1722,6130,1870,801.000000,83.000000,17226.000000,9.810000,451.600000,1940
,"Iredell","North Carolina","37","097","37097",122660,205.400000,163072,273.100000,100785,16762,328,1553,25,2058,1149,4182,60120,62540,8441,22881,5202,12477,19816,18948,19745,15150,36.500000,35.500000,37.500000,47360,2.560000,4773,5973,11814,15582,993,3060,34658,3.000000,51918,4558,35693,11667,1201.000000,115.000000,69412.000000,97.900000,597.100000,1941
,"Davie","North Carolina","37","059","37059",34835,130.600000,42137,158.000000,31504,2368,79,109,7,458,310,1209,17149,17686,2247,6208,1393,3236,5256,5519,6169,4807,38.400000,37.000000,39.600000,13750,2.510000,1251,1808,3510,4933,302,678,10261,2.910000,14953,1203,11454,2296,627.000000,111.000000,31192.000000,29.190000,266.700000,1942
,"Alexander","North Carolina","37","003","37003",33603,127.700000,37526,142.600000,30915,1557,50,348,1,451,281,841,16749,16854,2316,5918,1495,3586,5404,4986,5902,3996,36.600000,35.400000,37.800000,13137,2.540000,1335,1548,3306,4639,293,710,9744,2.950000,14098,961,10571,2566,627.000000,88.000000,21490.000000,178.560000,263.100000,1944
,"Davidson","North Carolina","37","057","37057",147246,259.700000,161188,284.300000,128184,13463,545,1204,18,2446,1386,4765,72118,75128,9639,26139,6482,14875,23885,22402,25050,18774,37.100000,36.100000,38.000000,58156,2.500000,5796,7498,14103,19610,1364,3526,42535,2.920000,62432,4276,43143,15013,1074.000000,85.000000,45269.000000,33.880000,566.900000,1945
,"Burke","North Carolina","37","023","37023",89148,173.100000,90059,174.900000,76678,5984,270,3106,185,1931,994,3180,44574,44574,5509,15863,4879,9057,13635,13064,15155,11986,36.900000,35.000000,38.900000,34528,2.480000,3719,5074,7776,11164,875,2061,24331,2.940000,37427,2899,25589,8939,481.000000,60.000000,14378.000000,74.000000,514.900000,1952
,"Washington","North Carolina","37","187","37187",13723,32.300000,12996,30.600000,6626,6716,7,44,6,228,96,311,6489,7234,903,2664,625,1124,1681,2114,2487,2125,39.200000,37.600000,40.400000,5367,2.520000,532,793,1018,1672,85,600,3906,2.990000,6174,807,3950,1417,187.000000,518.000000,82707.000000,366.980000,424.400000,1956
,"Tyrrell","North Carolina","37","177","37177",4149,6.900000,4244,7.100000,2343,1636,8,31,0,85,46,150,2211,1938,204,736,187,423,623,678,630,668,38.700000,36.800000,41.500000,1537,2.420000,187,247,274,455,30,135,1056,2.950000,2032,495,1151,386,68.000000,792.000000,51689.000000,531.760000,600.300000,1957
,"McDowell","North Carolina","37","111","37111",42151,94.400000,44846,100.500000,38853,1753,122,388,5,678,352,1214,21002,21149,2586,7032,1876,4670,6227,6378,7373,6009,38.000000,36.400000,39.600000,16604,2.450000,1707,2329,3755,5795,402,881,11962,2.900000,18377,1773,12822,3782,383.000000,60.000000,6896.000000,63.710000,446.400000,1958
,"Randolph","North Carolina","37","151","37151",130454,165.200000,143505,181.700000,116370,7342,582,830,21,3932,1377,8646,64492,65962,8883,23720,5889,13941,21119,19715,21385,15802,36.200000,35.100000,37.300000,50659,2.550000,4948,6446,12902,17054,1202,2973,37348,2.970000,54422,3763,38788,11871,1501.000000,98.000000,63189.000000,137.190000,789.700000,1962
,"Chatham","North Carolina","37","037","37037",49329,69.600000,64256,90.600000,36969,8422,201,292,18,2868,559,4743,24268,25061,3095,7989,1928,5004,7659,7861,8263,7530,38.800000,37.100000,40.300000,19741,2.470000,2000,2835,4342,6768,347,1003,13855,2.910000,21358,1617,15239,4502,1089.000000,96.000000,32774.000000,157.710000,708.900000,1967
,"Wilson","North Carolina","37","195","37195",73814,197.200000,79228,211.700000,41210,29032,199,310,16,2367,680,4457,35225,38589,5062,13805,3971,7735,10571,11357,11806,9507,36.200000,34.500000,37.700000,28613,2.510000,3071,4489,5824,7951,565,2748,19782,3.030000,30729,2116,17500,11113,304.000000,344.000000,81781.000000,420.390000,374.300000,1973
,"Rowan","North Carolina","37","159","37159",130340,248.800000,142013,271.100000,104294,20562,433,1105,35,2610,1301,5369,64380,65960,8566,23609,7049,13577,19850,19231,20253,18205,36.400000,35.300000,37.700000,49940,2.520000,5346,6965,11535,15821,1162,3475,35495,2.980000,53980,4040,36732,13208,983.000000,118.000000,63782.000000,60.900000,523.900000,1974
,"Pitt","North Carolina","37","147","37147",133798,204.300000,162304,247.900000,83061,45019,357,1443,57,2408,1453,4216,63441,70357,8653,22901,14736,19755,19144,18733,17048,12828,30.400000,29.400000,31.500000,52539,2.430000,6341,8511,10249,12545,854,4590,32237,3.020000,58408,5869,30541,21998,435.000000,394.000000,131401.000000,387.220000,654.800000,1978
,"Catawba","North Carolina","37","035","37035",141685,342.800000,159731,386.500000,120422,11862,365,4146,75,3198,1617,7886,69882,71803,9264,25128,7096,16030,22247,21350,23145,17425,36.100000,34.700000,37.500000,55533,2.510000,5867,7816,12900,17722,1240,3360,39111,2.980000,59919,4386,40284,15249,737.000000,98.000000,36662.000000,41.410000,413.300000,1980
,"Buncombe","North Carolina","37","021","37021",206330,312.700000,235069,356.300000,183761,15425,803,1368,79,2365,2529,5730,99034,107296,11646,33483,10188,21307,30270,32532,35128,31776,38.900000,37.000000,40.600000,85776,2.330000,9649,15134,16783,26497,1615,5213,55661,2.860000,93973,8197,60295,25481,1077.000000,67.000000,20338.000000,34.580000,659.800000,1982
,"Johnston","North Carolina","37","101","37101",121965,153.300000,174426,219.200000,95237,19090,494,368,43,5530,1203,9440,60594,61371,9573,22251,5201,14765,22147,17944,18111,11973,34.200000,33.100000,35.300000,46595,2.580000,4516,6259,12535,14381,925,3036,33692,3.020000,50196,3601,34213,12382,1245.000000,156.000000,128227.000000,163.010000,795.600000,1983
,"Haywood","North Carolina","37","087","37087",54033,97.400000,57922,104.400000,52330,684,266,114,20,237,382,763,25897,28136,2838,8385,1862,4616,7496,7744,10820,10272,42.300000,40.600000,44.000000,23100,2.300000,2317,3859,4490,8603,393,1171,16043,2.760000,28640,5540,17869,5231,707.000000,80.000000,14701.000000,21.950000,554.700000,1990
,"Dare","North Carolina","37","055","37055",29967,24.000000,34007,27.200000,28393,797,83,111,13,269,301,666,15098,14869,1547,4864,1027,2614,4698,5386,5707,4124,40.400000,39.600000,41.100000,12690,2.340000,1573,1603,2568,4413,269,630,8451,2.790000,26671,13981,9460,3230,7.000000,703.000000,4747.000000,162.730000,1250.700000,1994
,"Beaufort","North Carolina","37","013","37013",44958,46.900000,46951,49.000000,30768,13051,74,99,10,638,318,1455,21438,23520,2704,7818,2005,4037,5753,6809,8704,7128,40.200000,38.400000,41.700000,18319,2.420000,1868,2848,3567,6256,324,1391,12954,2.890000,22139,3820,13745,4574,369.000000,435.000000,138955.000000,267.730000,958.700000,1998
,"Swain","North Carolina","37","173","37173",12968,24.000000,13902,25.700000,8602,221,3765,20,1,63,296,191,6305,6663,797,2353,681,1193,1711,1876,2375,1982,38.800000,36.700000,40.500000,5137,2.440000,574,752,1001,1685,151,389,3631,2.910000,7105,1968,3946,1191,85.000000,66.000000,1495.000000,16.500000,540.700000,2007
,"Greene","North Carolina","37","079","37079",18974,71.400000,21331,80.200000,9835,7820,57,17,2,1091,152,1511,9748,9226,1321,3471,929,2283,2891,2916,2869,2294,35.500000,33.100000,37.900000,6696,2.650000,622,892,1534,1956,144,618,4958,3.090000,7368,672,5001,1695,292.000000,316.000000,67402.000000,685.850000,265.900000,2010
,"Lee","North Carolina","37","105","37105",49040,189.100000,60038,231.500000,34343,10032,206,328,19,3593,519,5715,24213,24827,3399,9186,2598,5088,7462,7377,7585,6345,35.900000,34.500000,37.400000,18466,2.610000,1841,2497,4243,5776,429,1468,13361,3.050000,19909,1443,13235,5231,272.000000,133.000000,18553.000000,115.630000,259.300000,2020
,"Rutherford","North Carolina","37","161","37161",62899,111.100000,63969,112.900000,54592,7066,125,206,20,423,467,1136,30301,32598,3887,11073,2854,6139,9034,8963,10882,10067,38.300000,36.800000,39.900000,25191,2.440000,2611,3804,5423,8544,516,1626,17938,2.900000,29535,4344,18764,6427,705.000000,93.000000,23480.000000,9.350000,566.400000,2021
,"Wayne","North Carolina","37","191","37191",113329,203.600000,115330,207.200000,69452,37422,412,1088,55,3483,1417,5604,55883,57446,7937,21705,6401,12893,17452,16968,16864,13109,34.800000,33.100000,36.400000,42612,2.550000,4529,5921,9906,12069,918,3946,30244,3.030000,47313,4701,27853,14759,723.000000,242.000000,131735.000000,693.190000,556.700000,2023
,"Harnett","North Carolina","37","085","37085",91025,151.400000,115536,192.100000,64744,20481,794,591,61,2924,1430,5336,44923,46102,6937,17603,5558,11723,14866,12567,12324,9447,32.500000,31.500000,33.500000,33800,2.610000,3542,4343,8491,9494,838,2828,24107,3.070000,38605,4805,23752,10048,727.000000,154.000000,72086.000000,243.760000,601.400000,2024
,"Cleveland","North Carolina","37","045","37045",96287,205.700000,99430,212.400000,73955,20155,145,669,10,657,696,1433,46306,49981,6420,17798,5103,9691,14284,14015,16011,12965,36.500000,35.200000,37.800000,37046,2.530000,3607,5139,8278,12081,821,2820,27001,2.980000,40317,3271,26984,10062,1188.000000,97.000000,52639.000000,45.870000,468.100000,2026
,"Lincoln","North Carolina","37","109","37109",63780,207.500000,78115,254.200000,57557,4108,172,196,8,1104,635,3656,31720,32060,4075,11800,2795,6584,10548,9917,10711,7350,36.400000,35.400000,37.600000,24041,2.620000,2226,2616,6351,8362,559,1300,18181,3.000000,25717,1676,18873,5168,638.000000,93.000000,32246.000000,32.660000,307.300000,2028
,"Jackson","North Carolina","37","099","37099",33121,67.000000,38012,76.900000,28378,552,3379,169,6,181,456,577,16174,16947,1682,4615,4042,3843,3966,4373,6040,4560,36.200000,34.200000,38.200000,13191,2.300000,1510,2051,2374,4400,257,734,8586,2.790000,19291,6100,9566,3625,229.000000,58.000000,5403.000000,-99.000000,494.500000,2033
,"Moore","North Carolina","37","125","37125",74769,106.000000,88177,125.000000,60002,11589,506,332,38,1642,660,2981,36024,38745,4200,12341,2918,6095,9860,10066,13018,16271,41.800000,40.000000,43.500000,30713,2.380000,3009,4625,5898,11938,502,1788,21950,2.810000,35151,4438,24157,6556,804.000000,100.000000,26461.000000,172.380000,705.500000,2034
,"Mecklenburg","North Carolina","37","119","37119",695454,1273.500000,937963,1717.600000,445250,193838,2439,21889,339,20954,10745,44871,341457,353997,50750,123499,35750,96931,129163,107336,92301,59724,33.100000,32.000000,34.100000,273416,2.490000,33292,42125,62375,68136,4646,20689,175063,3.060000,292780,19364,170393,103023,236.000000,81.000000,8412.000000,-99.000000,546.100000,2035
,"Cabarrus","North Carolina","37","025","37025",131063,359.100000,179310,491.300000,109127,15961,443,1190,32,3017,1293,6620,64541,66522,9283,24499,5897,14361,21957,20098,19804,15164,35.400000,34.300000,36.500000,49519,2.600000,4742,6058,13268,16042,1010,2980,36526,3.030000,52848,3329,36998,12521,611.000000,109.000000,34570.000000,85.750000,365.000000,2036
,"Montgomery","North Carolina","37","123","37123",26822,53.400000,27572,54.900000,18527,5857,108,431,12,1542,345,2797,13581,13241,1835,4845,1296,2986,3699,3975,4441,3745,36.700000,34.800000,38.900000,9848,2.610000,1052,1320,2203,3272,234,619,7187,3.080000,14145,4297,7554,2294,289.000000,147.000000,11649.000000,326.650000,501.900000,2038
,"Stanly","North Carolina","37","167","37167",58100,143.700000,60892,150.600000,49196,6657,144,1049,11,584,459,1237,28671,29429,3624,10897,2871,5731,8768,8392,9552,8265,36.900000,35.600000,38.300000,22223,2.530000,2240,3151,5456,7497,453,1335,16156,3.000000,24582,2359,16947,5276,713.000000,147.000000,58192.000000,149.620000,404.400000,2039
,"Henderson","North Carolina","37","089","37089",89173,237.700000,106932,285.100000,82505,2725,245,546,16,2237,899,4880,43171,46002,5007,13545,3249,7488,11858,12392,16293,19341,42.700000,40.600000,44.800000,37414,2.330000,3592,6035,7399,14544,605,1712,26357,2.780000,42996,5582,29487,7927,557.000000,68.000000,18956.000000,111.890000,375.100000,2041
,"Graham","North Carolina","37","075","37075",7993,26.500000,8040,26.700000,7346,15,547,13,1,10,61,60,3900,4093,467,1288,350,659,1055,1096,1642,1436,41.500000,40.100000,43.100000,3354,2.350000,356,515,727,1311,46,136,2411,2.820000,5084,1730,2773,581,126.000000,57.000000,1902.000000,11.250000,301.600000,2050
,"Lenoir","North Carolina","37","107","37107",59648,148.300000,57180,142.100000,33685,24115,106,202,30,1119,391,1891,28312,31336,3913,11166,2712,5543,8174,9237,10169,8734,38.100000,35.900000,40.100000,23862,2.430000,2653,4116,4501,6565,469,2488,16182,2.960000,27184,3322,15984,7878,480.000000,287.000000,108702.000000,492.280000,402.300000,2059
,"Transylvania","North Carolina","37","175","37175",29334,77.100000,31327,82.300000,27476,1235,83,111,7,92,330,298,14115,15219,1435,4537,1523,2250,3349,4025,5932,6283,43.900000,42.100000,45.400000,12320,2.300000,1203,2007,2271,4948,224,601,8666,2.740000,15553,3233,9781,2539,279.000000,58.000000,7730.000000,44.310000,380.500000,2061
,"Gaston","North Carolina","37","071","37071",190365,523.600000,210477,578.900000,157965,26405,525,1814,50,1958,1648,5719,92094,98271,12679,34195,8826,21175,29897,28723,30885,23985,36.200000,34.900000,37.500000,73936,2.530000,7345,9891,16651,23415,1734,5276,53327,2.970000,78842,4906,50901,23035,516.000000,73.000000,14579.000000,21.750000,363.600000,2062
,"Polk","North Carolina","37","149","37149",18324,76.800000,19435,81.500000,16906,1079,34,44,5,116,140,551,8692,9632,950,2739,619,1330,2248,2655,3458,4325,44.900000,42.800000,46.700000,7908,2.280000,831,1458,1425,3031,131,305,5338,2.780000,9192,1284,6222,1686,309.000000,68.000000,6809.000000,-99.000000,238.500000,2065
,"Macon","North Carolina","37","113","37113",29811,57.400000,34465,66.300000,28969,357,84,117,5,91,188,454,14289,15522,1482,4581,1112,2074,3482,4190,6224,6666,45.200000,43.300000,47.000000,12828,2.280000,1287,2173,2425,5081,206,546,8908,2.740000,20746,7918,10432,2396,346.000000,61.000000,6277.000000,16.150000,519.500000,2076
,"Sampson","North Carolina","37","163","37163",60161,63.500000,65513,69.200000,35955,18018,1086,186,54,4183,679,6477,29800,30361,4406,11122,3202,6965,8933,8610,9217,7706,35.000000,33.400000,36.700000,22273,2.640000,2222,3048,5232,6708,505,1705,16222,3.090000,25142,2869,16361,5912,1203.000000,267.000000,210704.000000,994.460000,947.400000,2077
,"Pamlico","North Carolina","37","137","37137",12934,22.800000,12853,22.700000,9464,3178,68,49,3,76,96,171,6513,6421,643,2083,453,1044,1650,1987,2645,2429,42.900000,41.100000,44.900000,5178,2.380000,567,727,947,1986,83,277,3718,2.810000,6781,1603,4256,922,85.000000,543.000000,40538.000000,272.750000,566.200000,2079
,"Cherokee","North Carolina","37","039","37039",24298,52.100000,27557,59.100000,23040,387,396,69,3,109,294,303,11786,12512,1324,3675,928,2018,2850,3424,5292,4787,44.000000,42.300000,45.500000,10336,2.320000,1090,1566,2011,4070,161,475,7373,2.760000,13499,3163,8492,1844,288.000000,71.000000,6547.000000,-99.000000,466.600000,2082
,"Cumberland","North Carolina","37","051","37051",302963,460.100000,324167,492.300000,167093,105731,4691,5694,902,9477,9375,20919,153221,149742,24835,59767,24026,45037,50043,40313,35547,23395,29.600000,28.000000,31.500000,107358,2.650000,11486,12564,28967,27773,2493,10846,77656,3.110000,118425,11067,63736,43622,500.000000,177.000000,44614.000000,181.710000,658.500000,2084
,"Jones","North Carolina","37","103","37103",10381,21.900000,10288,21.700000,6329,3724,37,16,4,176,95,282,5001,5380,626,2039,422,820,1451,1609,1811,1603,39.100000,37.300000,40.400000,4061,2.530000,415,579,854,1267,94,340,2938,2.990000,4679,618,3239,822,159.000000,434.000000,51769.000000,639.770000,473.300000,2085
,"Union","North Carolina","37","179","37179",123677,193.400000,207572,324.600000,102441,15480,475,720,30,3264,1267,7637,61756,61921,10040,24714,6029,12783,22059,18903,18001,11148,34.000000,33.100000,34.800000,43390,2.810000,3193,4164,13939,14399,846,2356,34280,3.150000,45695,2305,34937,8453,1107.000000,161.000000,121067.000000,370.820000,639.400000,2089
,"Anson","North Carolina","37","007","37007",25275,47.000000,25341,47.200000,12519,12295,113,143,6,82,117,211,12415,12860,1641,4737,1200,2625,3745,3637,4049,3641,36.600000,35.100000,38.300000,9204,2.590000,988,1319,1701,2701,219,931,6667,3.090000,10221,1017,6990,2214,487.000000,186.000000,27777.000000,323.820000,537.200000,2090
,"Hoke","North Carolina","37","093","37093",33646,85.800000,46265,117.900000,14982,12664,3852,278,52,1100,718,2415,16987,16659,3086,6945,2032,4735,5718,4633,3899,2598,30.000000,29.400000,30.800000,11373,2.860000,1034,1123,3094,2898,342,1276,8746,3.220000,12518,1145,8530,2843,249.000000,242.000000,35384.000000,269.260000,392.300000,2091
,"Hyde","North Carolina","37","095","37095",5826,4.300000,5428,4.000000,3650,2043,18,21,0,49,45,131,3080,2746,262,924,227,659,868,956,977,953,39.700000,37.400000,43.100000,2185,2.360000,286,382,423,641,33,121,1434,2.940000,3302,1117,1713,472,176.000000,470.000000,67507.000000,387.350000,1363.200000,2093
,"Duplin","North Carolina","37","061","37061",49063,59.900000,54388,66.400000,28785,14198,113,75,36,5334,522,7426,24317,24746,3609,9196,2587,5732,7202,6926,7495,6316,34.900000,32.600000,37.100000,18267,2.630000,1843,2638,4243,5300,421,1402,13067,3.100000,20520,2253,13685,4582,1159.000000,214.000000,159329.000000,1014.900000,818.900000,2094
,"Richmond","North Carolina","37","153","37153",46564,97.100000,46893,97.800000,30193,14215,770,316,15,504,551,1319,22848,23716,3161,8836,3024,4825,6449,6479,7441,6349,35.500000,32.900000,37.700000,17873,2.510000,1923,2778,3515,5113,448,1770,12574,3.010000,19886,2013,12857,5016,278.000000,147.000000,18480.000000,459.460000,479.600000,2101
,"Clay","North Carolina","37","043","37043",8775,39.800000,10853,49.200000,8600,70,29,8,6,13,49,73,4272,4503,370,1258,335,620,920,1351,1933,1988,46.700000,45.000000,48.100000,3847,2.250000,393,618,692,1607,61,152,2727,2.680000,5425,1578,3251,596,137.000000,71.000000,3263.000000,8.130000,220.600000,2103
,"Craven","North Carolina","37","049","37049",91436,118.100000,99813,129.000000,63952,22966,388,908,56,1627,1539,3677,46152,45284,6703,15793,6554,11607,12366,12720,13430,12263,34.400000,31.700000,37.000000,34582,2.500000,3433,4658,8211,11432,584,2714,25060,2.930000,38150,3568,23083,11499,286.000000,248.000000,49506.000000,176.680000,774.000000,2113
,"Scotland","North Carolina","37","165","37165",35998,112.200000,37059,115.600000,18535,13434,3197,182,7,164,479,423,16886,19112,2640,7477,2079,3703,4853,5429,5735,4082,34.600000,32.800000,36.000000,13399,2.610000,1311,1965,2656,3652,325,1628,9673,3.100000,14693,1294,9276,4123,190.000000,346.000000,33834.000000,580.460000,320.700000,2117
,"Onslow","North Carolina","37","133","37133",150355,183.500000,172836,210.900000,108351,27790,1108,2526,283,5449,4848,10896,82986,67369,13288,26050,21885,27479,21101,16594,14459,9499,25.000000,23.400000,28.500000,48122,2.720000,4458,4515,15622,13732,1068,3829,36594,3.090000,55726,7604,27973,20149,401.000000,138.000000,38122.000000,396.640000,819.400000,2140
,"Robeson","North Carolina","37","155","37155",123339,129.700000,132092,138.900000,40460,30973,46896,404,77,2787,1742,5994,59998,63341,9825,26000,7618,14758,17822,17316,17709,12291,32.000000,30.400000,33.600000,43677,2.750000,4346,5578,9456,10911,1375,5326,32015,3.200000,47779,4102,31781,11896,1017.000000,264.000000,209329.000000,264.440000,951.000000,2144
,"Carteret","North Carolina","37","031","37031",59383,44.300000,64494,48.100000,53611,4151,258,323,35,357,648,1035,29157,30226,2913,9384,2138,4881,8102,9570,12168,10227,42.300000,41.100000,43.400000,25204,2.310000,2931,3651,4805,9311,450,1414,17376,2.760000,40947,15743,19316,5888,159.000000,348.000000,38005.000000,127.430000,1340.500000,2150
,"Bladen","North Carolina","37","017","37017",32278,36.400000,32577,36.700000,18469,12235,657,31,14,636,236,1198,15520,16758,2138,5810,1664,3216,4278,4891,5683,4598,37.900000,36.100000,39.700000,12897,2.450000,1498,2074,2548,3757,280,1088,8935,2.970000,15316,2419,10036,2861,500.000000,254.000000,70602.000000,676.990000,887.200000,2156
,"Pender","North Carolina","37","141","37141",41082,46.600000,54546,61.900000,29882,9689,201,74,14,834,388,1496,20663,20419,2410,7117,1729,3859,6217,6395,7575,5780,38.800000,37.600000,40.000000,16054,2.490000,1759,1920,3442,5846,322,959,11712,2.900000,20798,4744,13260,2794,357.000000,172.000000,35484.000000,462.180000,881.400000,2179
,"Columbus","North Carolina","37","047","37047",54749,57.400000,54899,57.600000,34737,16934,1706,123,16,812,421,1269,26323,28426,3631,10438,2827,5296,7643,7993,9383,7538,36.900000,35.400000,38.600000,21308,2.500000,2289,3362,4453,6370,421,1842,15048,3.010000,24060,2752,16281,5027,777.000000,196.000000,106598.000000,181.990000,953.400000,2226
,"New Hanover","North Carolina","37","129","37129",160307,677.000000,199320,841.700000,128098,27203,627,1333,96,1266,1684,3276,77371,82936,9177,24415,11267,20533,24018,24186,26144,20567,36.300000,34.900000,37.600000,68183,2.290000,8308,11365,12163,19559,944,4704,41599,2.830000,79616,11433,44109,24074,73.000000,60.000000,3174.000000,79.520000,236.800000,2232
,"Brunswick","North Carolina","37","019","37019",73143,81.100000,113235,125.600000,60200,10516,494,198,32,965,738,1960,35965,37178,4005,11504,3021,6157,9588,10280,16208,12380,42.200000,41.100000,43.300000,30438,2.380000,3186,3788,5378,12317,672,1767,22028,2.760000,51431,20993,25013,5425,264.000000,167.000000,27388.000000,170.960000,901.400000,2235
